  0.773926318    
 -0.634757400    
 -0.753717721    
 -0.805597901    
 -0.838961363    
 -0.863954663    
 -0.884142816    
 -0.901140749    
 -0.915846527    
 -0.928779483    
 -0.940308869    
 -0.950682998    
 -0.960089803    
 -0.968662560    
 -0.976525247    
 -0.983804107    
 -0.990565956    
 -0.996878743    
  -1.00280392    
  -1.00842822    
  -1.01375031    
  -1.01878750    
  -1.02354205    
  -1.02806723    
  -1.03225422    
  -1.03601182    
  -1.03942752    
  -1.04221463    
  -1.04427004    
  -1.04562604    
  -1.04588962    
  -1.04490387    
  -1.04238689    
  -1.03814602    
  -1.03179240    
  -1.02284586    
  -1.01084101    
 -0.995211422    
 -0.975123644    
 -0.949444950    
 -0.916942656    
 -0.875422299    
 -0.822221756    
 -0.753023148    
 -0.661443055    
 -0.537808299    
 -0.367934048    
 -0.133187473    
  0.183040828    
  0.571305335    
  0.975406945    
   1.31943142    
   1.53715169    
   1.63756180    
   1.66648495    
   1.66016030    
   1.63901234    
   1.61221004    
   1.58428144    
   1.55661321    
   1.52998817    
   1.50464976    
   1.48028338    
   1.45677531    
   1.43408632    
   1.41202378    
   1.39058268    
   1.36957693    
   1.34903181    
   1.32897532    
   1.30939198    
   1.29029047    
   1.27160919    
   1.25352442    
   1.23588049    
   1.21873462    
   1.20211172    
   1.18597019    
   1.17019355    
   1.15484667    
   1.13983262    
   1.12508643    
   1.11055100    
   1.09612417    
   1.08168173    
   1.06722033    
   1.05251479    
   1.03753209    
   1.02213669    
   1.00616586    
  0.989477217    
  0.971856296    
  0.953067482    
  0.932724953    
  0.910319030    
  0.884955645    
  0.855031610    
  0.817001581    
  0.760765195    
  0.637863934    
 -0.773847878    
