   -0.0922170654
   -0.0917681307
   -0.0908835009
   -0.0895673260
   -0.0878484547
   -0.0857464224
   -0.0832923576
   -0.0805172399
   -0.0774538592
   -0.0741341561
   -0.0705886632
   -0.0668410212
   -0.0629127845
   -0.0588160083
   -0.0545540005
   -0.0501219258
   -0.0455028638
   -0.0406707823
   -0.0355873555
   -0.0302044004
   -0.0244642496
   -0.0182980150
   -0.0116304457
   -0.0043782368
    0.0035472438
    0.0122394562
    0.0217955261
    0.0323144644
    0.0438990854
    0.0566539727
    0.0706874877
    0.0861149728
    0.1030613482
    0.1216688231
    0.1421034634
    0.1645699143
    0.1893277764
    0.2167150676
    0.2471827865
    0.2813400030
    0.3200137913
    0.3643317521
    0.4158155322
    0.4764660597
    0.5487416983
    0.6351133585
    0.7363663912
    0.8469557762
    0.9466872215
    0.9985020161
    0.9738311768
    0.8763633966
    0.7417663932
    0.6076921225
    0.4913355708
    0.3952366710
    0.3165571988
    0.2515741885
    0.1970835775
    0.1506356597
    0.1104315668
    0.0751679018
    0.0439012572
    0.0159438625
   -0.0092107430
   -0.0319412127
   -0.0525376871
   -0.0712279156
   -0.0881963596
   -0.1036002412
   -0.1175759882
   -0.1302485168
   -0.1417339444
   -0.1521425247
   -0.1615816057
   -0.1701535881
   -0.1779582500
   -0.1850900799
   -0.1916390359
   -0.1976886839
   -0.2033144981
   -0.2085848153
   -0.2135573477
   -0.2182798982
   -0.2227902114
   -0.2271146923
   -0.2312700301
   -0.2352611423
   -0.2390853018
   -0.2427312434
   -0.2461780459
   -0.2494037151
   -0.2523783147
   -0.2550715506
   -0.2574521899
   -0.2594905496
   -0.2611568570
   -0.2624322474
   -0.2632894516
   -0.2637243569
    0.0000000000
