  -2.96197796    
  -2.96242881    
  -2.96331716    
  -2.96463871    
  -2.96636438    
  -2.96847439    
  -2.97093725    
  -2.97372174    
  -2.97679472    
  -2.98012400    
  -2.98367882    
  -2.98743534    
  -2.99137187    
  -2.99547625    
  -2.99974513    
  -3.00418329    
  -3.00880766    
  -3.01364422    
  -3.01873136    
  -3.02411723    
  -3.02985954    
  -3.03602719    
  -3.04269552    
  -3.04994798    
  -3.05787349    
  -3.06656599    
  -3.07612348    
  -3.08664632    
  -3.09823942    
  -3.11101055    
  -3.12507272    
  -3.14054799    
   3.12561440    
   3.10688806    
   3.08627295    
   3.06353712    
   3.03838158    
   3.01041079    
   2.97908735    
   2.94366884    
   2.90311503    
   2.85594392    
   2.80001974    
   2.73222828    
   2.64800072    
   2.54070377    
   2.40117502    
   2.21862602    
   1.98606694    
   1.71280611    
   1.42878652    
   1.15552568    
  0.922966719    
  0.740417778    
  0.600888968    
  0.493591905    
  0.409364253    
  0.341572821    
  0.285648674    
  0.238477662    
  0.197923690    
  0.162505299    
  0.131181806    
  0.103210963    
   7.80555531E-02
   5.53197786E-02
   3.47045399E-02
   1.59781370E-02
  -1.04467513E-03
  -1.65200364E-02
  -3.05821598E-02
  -4.33532037E-02
  -5.49463965E-02
  -6.54692575E-02
  -7.50266910E-02
  -8.37190896E-02
  -9.16447714E-02
  -9.88970995E-02
 -0.105565436    
 -0.111733079    
 -0.117475510    
 -0.122861303    
 -0.127948448    
 -0.132785097    
 -0.137409270    
 -0.141847491    
 -0.146116480    
 -0.150220811    
 -0.154157281    
 -0.157913879    
 -0.161468536    
 -0.164798036    
 -0.167870924    
 -0.170655280    
 -0.173118144    
 -0.175228223    
 -0.176954016    
 -0.178275496    
 -0.179163933    
 -0.179614782    
